mm nonem

ayone.

Vert
(suite)

d'onde.

5128.6
51263
51193
5113.0
51083
5102.4
50863
507 6.5
50713
5065.5
5064.4
50613
50523
5043.4
50393
50383
5036.ss
5024.8
5023.8
50213
5019.4
50153
50133
50123
5006.ss
5001.0
49983
49903
49883
4981.Ο
497 73
4975.2
49723
49673
49643
49473
49873
4927.5
49250
49203
4919.0

 

 

non. ‘rmum

nummum

comm
4„-

¹ τηου.

 

LONGUEUR
d’onde.

 

{mm

3
49113 ι 8
4

large

urge
tngo

large

Β·

2

1

4

2

2

2

8

2

4

2

1

4

2

8

1

1

2

47223 2

2

2

2

2

2

1

4

1

3

2

2

1

2

3

8

1 urge
3
1
1

 

